1.951599999999999863e-02
1.595999999999999979e-03
5.496000000000000017e-03
5.199999999999999761e-03
1.683999999999999950e-03
5.080000000000000314e-03
9.055999999999999814e-03
6.507999999999999896e-03
5.767999999999999690e-03
1.726000000000000104e-02
2.012399999999999953e-02
1.708000000000000100e-03
5.651999999999999906e-03
8.651999999999999968e-03
1.635199999999999848e-02
1.364399999999999988e-02
5.568000000000000033e-03
5.268000000000000113e-03
1.771999999999999964e-02
1.731200000000000100e-02
1.898400000000000087e-02
1.488800000000000019e-02
1.680000000000000070e-03
5.239999999999999866e-03
8.795999999999999999e-03
2.066399999999999834e-02
1.650000000000000078e-02
1.592000000000000012e-02
1.319999999999999993e-02
6.475999999999999986e-03
5.643999999999999712e-03
1.871199999999999947e-02
2.410400000000000043e-02
2.867199999999999957e-02
1.580399999999999860e-02
1.792799999999999949e-02
5.283999999999999635e-03
8.564000000000000432e-03
1.917599999999999860e-02
1.824800000000000033e-02
1.697999999999999857e-02
1.072399999999999916e-02
1.666799999999999879e-02
1.624400000000000149e-02
2.166399999999999923e-02
1.627599999999999880e-02
1.812400000000000122e-02
1.800799999999999970e-02
1.276799999999999984e-02
1.450800000000000006e-02
1.269999999999999948e-02
2.243200000000000055e-02
1.489599999999999952e-02
1.703199999999999853e-02
1.598400000000000168e-02
1.096399999999999979e-02
1.666000000000000120e-02
1.452160000000000117e-01
1.085040000000000032e-01
